3 0.3184666327314368 0.44763994024668574 0.40091014652713475 0.4518001258980792 0.38807904339826693 0.5947194035558889 0.30563552960256896 0.5905592179044954
3 0.24026852079674402 0.3445467310787825 0.3996389558932897 0.26775991984325564 0.44647132733135275 0.32239232373201654 0.28710089223480706 0.3991791349675434
3 0.723141716988422 0.28888249397222127 0.8097286002119539 0.2985089732618242 0.7814314691277066 0.4415662877853209 0.6948445859041746 0.431939808495718
0 0.48279450470633456 0.5286293211253318 0.5690714129907037 0.5408335465777513 0.5330235212987766 0.6840679213796937 0.44674661301440743 0.6718636959272741
0 0.6632273553161674 0.5367788974761403 0.8630945234366739 0.542130390275204 0.8600320886721825 0.6064163889775251 0.660164920551676 0.6010648961784613
1 0.6022794692298171 0.2598243968138728 0.682814002109835 0.2724627036034746 0.6467047581804953 0.40179133475612083 0.5661702253004774 0.38915302796651907
1 0.5220543950310459 0.13882612797602284 0.46131029622934966 0.09161529577257528 0.5877871264043575 0.00014997851017725 0.6485312252060538 0.04736081071362482
1 0.5153803108892504 0.7965764268811517 0.5717758807516016 0.8423799214152126 0.4439685673198181 0.9308273308547946 0.38757299745746693 0.8850238363207338
2 0.5700714443909554 0.6335198816609193 0.6521307854300294 0.6535524647994514 0.599184967156831 0.7754530446047972 0.5171256261177568 0.7554204614662652
2 0.46257942738407093 0.3178193696306775 0.5266356332681722 0.362126356253184 0.41063835400277315 0.4563847067636615 0.34658214811867194 0.41207772014115496
2 0.3010397129430151 0.6449792398079015 0.387967555856479 0.6361540807850774 0.41097060077069025 0.7635057746594912 0.32404275785722636 0.7723309336823153
